input,output
"Definition: Two analogies that relate items to the associated containers is given in the form ""A : B. C : ?"". ""A : B"" relates item A to its associated container B. Your task is to replace the question mark (?) with the appropriate container for the given item C, following the ""A : B"" relation.
Positive example 1-
input: soda : can. water : ?
output: bottle
Positive example 2-
input: jam : jar. cereal : ?
output: box
Now complete the following example-
input: jam : jar. diapers : ?
output: ",box
"Definition: Two analogies that relate items to the associated containers is given in the form ""A : B. C : ?"". ""A : B"" relates item A to its associated container B. Your task is to replace the question mark (?) with the appropriate container for the given item C, following the ""A : B"" relation.
Positive example 1-
input: soda : can. water : ?
output: bottle
Positive example 2-
input: jam : jar. cereal : ?
output: box
Now complete the following example-
input: jam : jar. water : ?
output: ",bottle
"Definition: Two analogies that relate items to the associated containers is given in the form ""A : B. C : ?"". ""A : B"" relates item A to its associated container B. Your task is to replace the question mark (?) with the appropriate container for the given item C, following the ""A : B"" relation.
Positive example 1-
input: soda : can. water : ?
output: bottle
Positive example 2-
input: jam : jar. cereal : ?
output: box
Now complete the following example-
input: jam : jar. trash : ?
output: ",can
"Definition: Two analogies that relate items to the associated containers is given in the form ""A : B. C : ?"". ""A : B"" relates item A to its associated container B. Your task is to replace the question mark (?) with the appropriate container for the given item C, following the ""A : B"" relation.
Positive example 1-
input: soda : can. water : ?
output: bottle
Positive example 2-
input: jam : jar. cereal : ?
output: box
Now complete the following example-
input: jam : jar. kleenex : ?
output: ",box
"Definition: Two analogies that relate items to the associated containers is given in the form ""A : B. C : ?"". ""A : B"" relates item A to its associated container B. Your task is to replace the question mark (?) with the appropriate container for the given item C, following the ""A : B"" relation.
Positive example 1-
input: soda : can. water : ?
output: bottle
Positive example 2-
input: jam : jar. cereal : ?
output: box
Now complete the following example-
input: jam : jar. poster : ?
output: ",tube
"Definition: Two analogies that relate items to the associated containers is given in the form ""A : B. C : ?"". ""A : B"" relates item A to its associated container B. Your task is to replace the question mark (?) with the appropriate container for the given item C, following the ""A : B"" relation.
Positive example 1-
input: soda : can. water : ?
output: bottle
Positive example 2-
input: jam : jar. cereal : ?
output: box
Now complete the following example-
input: jam : jar. picture : ?
output: ",frame
"Definition: Two analogies that relate items to the associated containers is given in the form ""A : B. C : ?"". ""A : B"" relates item A to its associated container B. Your task is to replace the question mark (?) with the appropriate container for the given item C, following the ""A : B"" relation.
Positive example 1-
input: soda : can. water : ?
output: bottle
Positive example 2-
input: jam : jar. cereal : ?
output: box
Now complete the following example-
input: jam : jar. socks : ?
output: ",drawer
"Definition: Two analogies that relate items to the associated containers is given in the form ""A : B. C : ?"". ""A : B"" relates item A to its associated container B. Your task is to replace the question mark (?) with the appropriate container for the given item C, following the ""A : B"" relation.
Positive example 1-
input: soda : can. water : ?
output: bottle
Positive example 2-
input: jam : jar. cereal : ?
output: box
Now complete the following example-
input: jam : jar. clothes : ?
output: ",dresser
"Definition: Two analogies that relate items to the associated containers is given in the form ""A : B. C : ?"". ""A : B"" relates item A to its associated container B. Your task is to replace the question mark (?) with the appropriate container for the given item C, following the ""A : B"" relation.
Positive example 1-
input: soda : can. water : ?
output: bottle
Positive example 2-
input: jam : jar. cereal : ?
output: box
Now complete the following example-
input: jam : jar. plates : ?
output: ",cupboard
"Definition: Two analogies that relate items to the associated containers is given in the form ""A : B. C : ?"". ""A : B"" relates item A to its associated container B. Your task is to replace the question mark (?) with the appropriate container for the given item C, following the ""A : B"" relation.
Positive example 1-
input: soda : can. water : ?
output: bottle
Positive example 2-
input: jam : jar. cereal : ?
output: box
Now complete the following example-
input: potatoes : sack. jam : ?
output: ",jar
"Definition: Two analogies that relate items to the associated containers is given in the form ""A : B. C : ?"". ""A : B"" relates item A to its associated container B. Your task is to replace the question mark (?) with the appropriate container for the given item C, following the ""A : B"" relation.
Positive example 1-
input: soda : can. water : ?
output: bottle
Positive example 2-
input: jam : jar. cereal : ?
output: box
Now complete the following example-
input: potatoes : sack. cereal : ?
output: ",box
"Definition: Two analogies that relate items to the associated containers is given in the form ""A : B. C : ?"". ""A : B"" relates item A to its associated container B. Your task is to replace the question mark (?) with the appropriate container for the given item C, following the ""A : B"" relation.
Positive example 1-
input: soda : can. water : ?
output: bottle
Positive example 2-
input: jam : jar. cereal : ?
output: box
Now complete the following example-
input: potatoes : sack. chips : ?
output: ",bag
"Definition: Two analogies that relate items to the associated containers is given in the form ""A : B. C : ?"". ""A : B"" relates item A to its associated container B. Your task is to replace the question mark (?) with the appropriate container for the given item C, following the ""A : B"" relation.
Positive example 1-
input: soda : can. water : ?
output: bottle
Positive example 2-
input: jam : jar. cereal : ?
output: box
Now complete the following example-
input: potatoes : sack. carrots : ?
output: ",bag
"Definition: Two analogies that relate items to the associated containers is given in the form ""A : B. C : ?"". ""A : B"" relates item A to its associated container B. Your task is to replace the question mark (?) with the appropriate container for the given item C, following the ""A : B"" relation.
Positive example 1-
input: soda : can. water : ?
output: bottle
Positive example 2-
input: jam : jar. cereal : ?
output: box
Now complete the following example-
input: potatoes : sack. pickles : ?
output: ",jar
"Definition: Two analogies that relate items to the associated containers is given in the form ""A : B. C : ?"". ""A : B"" relates item A to its associated container B. Your task is to replace the question mark (?) with the appropriate container for the given item C, following the ""A : B"" relation.
Positive example 1-
input: soda : can. water : ?
output: bottle
Positive example 2-
input: jam : jar. cereal : ?
output: box
Now complete the following example-
input: potatoes : sack. ketchup : ?
output: ",bottle
"Definition: Two analogies that relate items to the associated containers is given in the form ""A : B. C : ?"". ""A : B"" relates item A to its associated container B. Your task is to replace the question mark (?) with the appropriate container for the given item C, following the ""A : B"" relation.
Positive example 1-
input: soda : can. water : ?
output: bottle
Positive example 2-
input: jam : jar. cereal : ?
output: box
Now complete the following example-
input: potatoes : sack. milk : ?
output: ",bottle
"Definition: Two analogies that relate items to the associated containers is given in the form ""A : B. C : ?"". ""A : B"" relates item A to its associated container B. Your task is to replace the question mark (?) with the appropriate container for the given item C, following the ""A : B"" relation.
Positive example 1-
input: soda : can. water : ?
output: bottle
Positive example 2-
input: jam : jar. cereal : ?
output: box
Now complete the following example-
input: potatoes : sack. honey : ?
output: ",jar
"Definition: Two analogies that relate items to the associated containers is given in the form ""A : B. C : ?"". ""A : B"" relates item A to its associated container B. Your task is to replace the question mark (?) with the appropriate container for the given item C, following the ""A : B"" relation.
Positive example 1-
input: soda : can. water : ?
output: bottle
Positive example 2-
input: jam : jar. cereal : ?
output: box
Now complete the following example-
input: potatoes : sack. soda : ?
output: ",can
"Definition: Two analogies that relate items to the associated containers is given in the form ""A : B. C : ?"". ""A : B"" relates item A to its associated container B. Your task is to replace the question mark (?) with the appropriate container for the given item C, following the ""A : B"" relation.
Positive example 1-
input: soda : can. water : ?
output: bottle
Positive example 2-
input: jam : jar. cereal : ?
output: box
Now complete the following example-
input: potatoes : sack. game : ?
output: ",box
"Definition: Two analogies that relate items to the associated containers is given in the form ""A : B. C : ?"". ""A : B"" relates item A to its associated container B. Your task is to replace the question mark (?) with the appropriate container for the given item C, following the ""A : B"" relation.
Positive example 1-
input: soda : can. water : ?
output: bottle
Positive example 2-
input: jam : jar. cereal : ?
output: box
Now complete the following example-
input: potatoes : sack. vitamins : ?
output: ",bottle
"Definition: Two analogies that relate items to the associated containers is given in the form ""A : B. C : ?"". ""A : B"" relates item A to its associated container B. Your task is to replace the question mark (?) with the appropriate container for the given item C, following the ""A : B"" relation.
Positive example 1-
input: soda : can. water : ?
output: bottle
Positive example 2-
input: jam : jar. cereal : ?
output: box
Now complete the following example-
input: potatoes : sack. detergent : ?
output: ",bottle
"Definition: Two analogies that relate items to the associated containers is given in the form ""A : B. C : ?"". ""A : B"" relates item A to its associated container B. Your task is to replace the question mark (?) with the appropriate container for the given item C, following the ""A : B"" relation.
Positive example 1-
input: soda : can. water : ?
output: bottle
Positive example 2-
input: jam : jar. cereal : ?
output: box
Now complete the following example-
input: potatoes : sack. diapers : ?
output: ",bag
"Definition: Two analogies that relate items to the associated containers is given in the form ""A : B. C : ?"". ""A : B"" relates item A to its associated container B. Your task is to replace the question mark (?) with the appropriate container for the given item C, following the ""A : B"" relation.
Positive example 1-
input: soda : can. water : ?
output: bottle
Positive example 2-
input: jam : jar. cereal : ?
output: box
Now complete the following example-
input: potatoes : sack. water : ?
output: ",bottle
"Definition: Two analogies that relate items to the associated containers is given in the form ""A : B. C : ?"". ""A : B"" relates item A to its associated container B. Your task is to replace the question mark (?) with the appropriate container for the given item C, following the ""A : B"" relation.
Positive example 1-
input: soda : can. water : ?
output: bottle
Positive example 2-
input: jam : jar. cereal : ?
output: box
Now complete the following example-
input: potatoes : sack. money : ?
output: ",wallet
"Definition: Two analogies that relate items to the associated containers is given in the form ""A : B. C : ?"". ""A : B"" relates item A to its associated container B. Your task is to replace the question mark (?) with the appropriate container for the given item C, following the ""A : B"" relation.
Positive example 1-
input: soda : can. water : ?
output: bottle
Positive example 2-
input: jam : jar. cereal : ?
output: box
Now complete the following example-
input: potatoes : sack. trash : ?
output: ",can
"Definition: Two analogies that relate items to the associated containers is given in the form ""A : B. C : ?"". ""A : B"" relates item A to its associated container B. Your task is to replace the question mark (?) with the appropriate container for the given item C, following the ""A : B"" relation.
Positive example 1-
input: soda : can. water : ?
output: bottle
Positive example 2-
input: jam : jar. cereal : ?
output: box
Now complete the following example-
input: potatoes : sack. kleenex : ?
output: ",box
"Definition: Two analogies that relate items to the associated containers is given in the form ""A : B. C : ?"". ""A : B"" relates item A to its associated container B. Your task is to replace the question mark (?) with the appropriate container for the given item C, following the ""A : B"" relation.
Positive example 1-
input: soda : can. water : ?
output: bottle
Positive example 2-
input: jam : jar. cereal : ?
output: box
Now complete the following example-
input: potatoes : sack. silverware : ?
output: ",drawer
"Definition: Two analogies that relate items to the associated containers is given in the form ""A : B. C : ?"". ""A : B"" relates item A to its associated container B. Your task is to replace the question mark (?) with the appropriate container for the given item C, following the ""A : B"" relation.
Positive example 1-
input: soda : can. water : ?
output: bottle
Positive example 2-
input: jam : jar. cereal : ?
output: box
Now complete the following example-
input: potatoes : sack. socks : ?
output: ",drawer
"Definition: Two analogies that relate items to the associated containers is given in the form ""A : B. C : ?"". ""A : B"" relates item A to its associated container B. Your task is to replace the question mark (?) with the appropriate container for the given item C, following the ""A : B"" relation.
Positive example 1-
input: soda : can. water : ?
output: bottle
Positive example 2-
input: jam : jar. cereal : ?
output: box
Now complete the following example-
input: potatoes : sack. coat : ?
output: ",closet
"Definition: Two analogies that relate items to the associated containers is given in the form ""A : B. C : ?"". ""A : B"" relates item A to its associated container B. Your task is to replace the question mark (?) with the appropriate container for the given item C, following the ""A : B"" relation.
Positive example 1-
input: soda : can. water : ?
output: bottle
Positive example 2-
input: jam : jar. cereal : ?
output: box
Now complete the following example-
input: potatoes : sack. clothes : ?
output: ",dresser
"Definition: Two analogies that relate items to the associated containers is given in the form ""A : B. C : ?"". ""A : B"" relates item A to its associated container B. Your task is to replace the question mark (?) with the appropriate container for the given item C, following the ""A : B"" relation.
Positive example 1-
input: soda : can. water : ?
output: bottle
Positive example 2-
input: jam : jar. cereal : ?
output: box
Now complete the following example-
input: potatoes : sack. plates : ?
output: ",cupboard
"Definition: Two analogies that relate items to the associated containers is given in the form ""A : B. C : ?"". ""A : B"" relates item A to its associated container B. Your task is to replace the question mark (?) with the appropriate container for the given item C, following the ""A : B"" relation.
Positive example 1-
input: soda : can. water : ?
output: bottle
Positive example 2-
input: jam : jar. cereal : ?
output: box
Now complete the following example-
input: cereal : box. jam : ?
output: ",jar
"Definition: Two analogies that relate items to the associated containers is given in the form ""A : B. C : ?"". ""A : B"" relates item A to its associated container B. Your task is to replace the question mark (?) with the appropriate container for the given item C, following the ""A : B"" relation.
Positive example 1-
input: soda : can. water : ?
output: bottle
Positive example 2-
input: jam : jar. cereal : ?
output: box
Now complete the following example-
input: cereal : box. chips : ?
output: ",bag
"Definition: Two analogies that relate items to the associated containers is given in the form ""A : B. C : ?"". ""A : B"" relates item A to its associated container B. Your task is to replace the question mark (?) with the appropriate container for the given item C, following the ""A : B"" relation.
Positive example 1-
input: soda : can. water : ?
output: bottle
Positive example 2-
input: jam : jar. cereal : ?
output: box
Now complete the following example-
input: cereal : box. carrots : ?
output: ",bag
"Definition: Two analogies that relate items to the associated containers is given in the form ""A : B. C : ?"". ""A : B"" relates item A to its associated container B. Your task is to replace the question mark (?) with the appropriate container for the given item C, following the ""A : B"" relation.
Positive example 1-
input: soda : can. water : ?
output: bottle
Positive example 2-
input: jam : jar. cereal : ?
output: box
Now complete the following example-
input: cereal : box. pickles : ?
output: ",jar
"Definition: Two analogies that relate items to the associated containers is given in the form ""A : B. C : ?"". ""A : B"" relates item A to its associated container B. Your task is to replace the question mark (?) with the appropriate container for the given item C, following the ""A : B"" relation.
Positive example 1-
input: soda : can. water : ?
output: bottle
Positive example 2-
input: jam : jar. cereal : ?
output: box
Now complete the following example-
input: cereal : box. ketchup : ?
output: ",bottle
"Definition: Two analogies that relate items to the associated containers is given in the form ""A : B. C : ?"". ""A : B"" relates item A to its associated container B. Your task is to replace the question mark (?) with the appropriate container for the given item C, following the ""A : B"" relation.
Positive example 1-
input: soda : can. water : ?
output: bottle
Positive example 2-
input: jam : jar. cereal : ?
output: box
Now complete the following example-
input: cereal : box. milk : ?
output: ",jug
"Definition: Two analogies that relate items to the associated containers is given in the form ""A : B. C : ?"". ""A : B"" relates item A to its associated container B. Your task is to replace the question mark (?) with the appropriate container for the given item C, following the ""A : B"" relation.
Positive example 1-
input: soda : can. water : ?
output: bottle
Positive example 2-
input: jam : jar. cereal : ?
output: box
Now complete the following example-
input: cereal : box. honey : ?
output: ",jar
"Definition: Two analogies that relate items to the associated containers is given in the form ""A : B. C : ?"". ""A : B"" relates item A to its associated container B. Your task is to replace the question mark (?) with the appropriate container for the given item C, following the ""A : B"" relation.
Positive example 1-
input: soda : can. water : ?
output: bottle
Positive example 2-
input: jam : jar. cereal : ?
output: box
Now complete the following example-
input: cereal : box. soda : ?
output: ",can
"Definition: Two analogies that relate items to the associated containers is given in the form ""A : B. C : ?"". ""A : B"" relates item A to its associated container B. Your task is to replace the question mark (?) with the appropriate container for the given item C, following the ""A : B"" relation.
Positive example 1-
input: soda : can. water : ?
output: bottle
Positive example 2-
input: jam : jar. cereal : ?
output: box
Now complete the following example-
input: cereal : box. game : ?
output: ",box
"Definition: Two analogies that relate items to the associated containers is given in the form ""A : B. C : ?"". ""A : B"" relates item A to its associated container B. Your task is to replace the question mark (?) with the appropriate container for the given item C, following the ""A : B"" relation.
Positive example 1-
input: soda : can. water : ?
output: bottle
Positive example 2-
input: jam : jar. cereal : ?
output: box
Now complete the following example-
input: cereal : box. vitamins : ?
output: ",bottle
"Definition: Two analogies that relate items to the associated containers is given in the form ""A : B. C : ?"". ""A : B"" relates item A to its associated container B. Your task is to replace the question mark (?) with the appropriate container for the given item C, following the ""A : B"" relation.
Positive example 1-
input: soda : can. water : ?
output: bottle
Positive example 2-
input: jam : jar. cereal : ?
output: box
Now complete the following example-
input: cereal : box. detergent : ?
output: ",bottle
"Definition: Two analogies that relate items to the associated containers is given in the form ""A : B. C : ?"". ""A : B"" relates item A to its associated container B. Your task is to replace the question mark (?) with the appropriate container for the given item C, following the ""A : B"" relation.
Positive example 1-
input: soda : can. water : ?
output: bottle
Positive example 2-
input: jam : jar. cereal : ?
output: box
Now complete the following example-
input: cereal : box. diapers : ?
output: ",box
"Definition: Two analogies that relate items to the associated containers is given in the form ""A : B. C : ?"". ""A : B"" relates item A to its associated container B. Your task is to replace the question mark (?) with the appropriate container for the given item C, following the ""A : B"" relation.
Positive example 1-
input: soda : can. water : ?
output: bottle
Positive example 2-
input: jam : jar. cereal : ?
output: box
Now complete the following example-
input: cereal : box. water : ?
output: ",bottle
"Definition: Two analogies that relate items to the associated containers is given in the form ""A : B. C : ?"". ""A : B"" relates item A to its associated container B. Your task is to replace the question mark (?) with the appropriate container for the given item C, following the ""A : B"" relation.
Positive example 1-
input: soda : can. water : ?
output: bottle
Positive example 2-
input: jam : jar. cereal : ?
output: box
Now complete the following example-
input: cereal : box. trash : ?
output: ",can
"Definition: Two analogies that relate items to the associated containers is given in the form ""A : B. C : ?"". ""A : B"" relates item A to its associated container B. Your task is to replace the question mark (?) with the appropriate container for the given item C, following the ""A : B"" relation.
Positive example 1-
input: soda : can. water : ?
output: bottle
Positive example 2-
input: jam : jar. cereal : ?
output: box
Now complete the following example-
input: cereal : box. kleenex : ?
output: ",box
"Definition: Two analogies that relate items to the associated containers is given in the form ""A : B. C : ?"". ""A : B"" relates item A to its associated container B. Your task is to replace the question mark (?) with the appropriate container for the given item C, following the ""A : B"" relation.
Positive example 1-
input: soda : can. water : ?
output: bottle
Positive example 2-
input: jam : jar. cereal : ?
output: box
Now complete the following example-
input: cereal : box. poster : ?
output: ",tube
"Definition: Two analogies that relate items to the associated containers is given in the form ""A : B. C : ?"". ""A : B"" relates item A to its associated container B. Your task is to replace the question mark (?) with the appropriate container for the given item C, following the ""A : B"" relation.
Positive example 1-
input: soda : can. water : ?
output: bottle
Positive example 2-
input: jam : jar. cereal : ?
output: box
Now complete the following example-
input: cereal : box. picture : ?
output: ",frame
"Definition: Two analogies that relate items to the associated containers is given in the form ""A : B. C : ?"". ""A : B"" relates item A to its associated container B. Your task is to replace the question mark (?) with the appropriate container for the given item C, following the ""A : B"" relation.
Positive example 1-
input: soda : can. water : ?
output: bottle
Positive example 2-
input: jam : jar. cereal : ?
output: box
Now complete the following example-
input: cereal : box. silverware : ?
output: ",drawer
"Definition: Two analogies that relate items to the associated containers is given in the form ""A : B. C : ?"". ""A : B"" relates item A to its associated container B. Your task is to replace the question mark (?) with the appropriate container for the given item C, following the ""A : B"" relation.
Positive example 1-
input: soda : can. water : ?
output: bottle
Positive example 2-
input: jam : jar. cereal : ?
output: box
Now complete the following example-
input: cereal : box. socks : ?
output: ",drawer
"Definition: Two analogies that relate items to the associated containers is given in the form ""A : B. C : ?"". ""A : B"" relates item A to its associated container B. Your task is to replace the question mark (?) with the appropriate container for the given item C, following the ""A : B"" relation.
Positive example 1-
input: soda : can. water : ?
output: bottle
Positive example 2-
input: jam : jar. cereal : ?
output: box
Now complete the following example-
input: cereal : box. coat : ?
output: ",closet
"Definition: Two analogies that relate items to the associated containers is given in the form ""A : B. C : ?"". ""A : B"" relates item A to its associated container B. Your task is to replace the question mark (?) with the appropriate container for the given item C, following the ""A : B"" relation.
Positive example 1-
input: soda : can. water : ?
output: bottle
Positive example 2-
input: jam : jar. cereal : ?
output: box
Now complete the following example-
input: cereal : box. clothes : ?
output: ",dresser
"Definition: Two analogies that relate items to the associated containers is given in the form ""A : B. C : ?"". ""A : B"" relates item A to its associated container B. Your task is to replace the question mark (?) with the appropriate container for the given item C, following the ""A : B"" relation.
Positive example 1-
input: soda : can. water : ?
output: bottle
Positive example 2-
input: jam : jar. cereal : ?
output: box
Now complete the following example-
input: cereal : box. plates : ?
output: ",cupboard
"Definition: Two analogies that relate items to the associated containers is given in the form ""A : B. C : ?"". ""A : B"" relates item A to its associated container B. Your task is to replace the question mark (?) with the appropriate container for the given item C, following the ""A : B"" relation.
Positive example 1-
input: soda : can. water : ?
output: bottle
Positive example 2-
input: jam : jar. cereal : ?
output: box
Now complete the following example-
input: chips : bag. jam : ?
output: ",jar
"Definition: Two analogies that relate items to the associated containers is given in the form ""A : B. C : ?"". ""A : B"" relates item A to its associated container B. Your task is to replace the question mark (?) with the appropriate container for the given item C, following the ""A : B"" relation.
Positive example 1-
input: soda : can. water : ?
output: bottle
Positive example 2-
input: jam : jar. cereal : ?
output: box
Now complete the following example-
input: chips : bag. potatoes : ?
output: ",sack
"Definition: Two analogies that relate items to the associated containers is given in the form ""A : B. C : ?"". ""A : B"" relates item A to its associated container B. Your task is to replace the question mark (?) with the appropriate container for the given item C, following the ""A : B"" relation.
Positive example 1-
input: soda : can. water : ?
output: bottle
Positive example 2-
input: jam : jar. cereal : ?
output: box
Now complete the following example-
input: chips : bag. cereal : ?
output: ",box
"Definition: Two analogies that relate items to the associated containers is given in the form ""A : B. C : ?"". ""A : B"" relates item A to its associated container B. Your task is to replace the question mark (?) with the appropriate container for the given item C, following the ""A : B"" relation.
Positive example 1-
input: soda : can. water : ?
output: bottle
Positive example 2-
input: jam : jar. cereal : ?
output: box
Now complete the following example-
input: chips : bag. carrots : ?
output: ",bag
"Definition: Two analogies that relate items to the associated containers is given in the form ""A : B. C : ?"". ""A : B"" relates item A to its associated container B. Your task is to replace the question mark (?) with the appropriate container for the given item C, following the ""A : B"" relation.
Positive example 1-
input: soda : can. water : ?
output: bottle
Positive example 2-
input: jam : jar. cereal : ?
output: box
Now complete the following example-
input: chips : bag. pickles : ?
output: ",jar
"Definition: Two analogies that relate items to the associated containers is given in the form ""A : B. C : ?"". ""A : B"" relates item A to its associated container B. Your task is to replace the question mark (?) with the appropriate container for the given item C, following the ""A : B"" relation.
Positive example 1-
input: soda : can. water : ?
output: bottle
Positive example 2-
input: jam : jar. cereal : ?
output: box
Now complete the following example-
input: chips : bag. ketchup : ?
output: ",bottle
"Definition: Two analogies that relate items to the associated containers is given in the form ""A : B. C : ?"". ""A : B"" relates item A to its associated container B. Your task is to replace the question mark (?) with the appropriate container for the given item C, following the ""A : B"" relation.
Positive example 1-
input: soda : can. water : ?
output: bottle
Positive example 2-
input: jam : jar. cereal : ?
output: box
Now complete the following example-
input: chips : bag. honey : ?
output: ",bottle
"Definition: Two analogies that relate items to the associated containers is given in the form ""A : B. C : ?"". ""A : B"" relates item A to its associated container B. Your task is to replace the question mark (?) with the appropriate container for the given item C, following the ""A : B"" relation.
Positive example 1-
input: soda : can. water : ?
output: bottle
Positive example 2-
input: jam : jar. cereal : ?
output: box
Now complete the following example-
input: chips : bag. soda : ?
output: ",can
"Definition: Two analogies that relate items to the associated containers is given in the form ""A : B. C : ?"". ""A : B"" relates item A to its associated container B. Your task is to replace the question mark (?) with the appropriate container for the given item C, following the ""A : B"" relation.
Positive example 1-
input: soda : can. water : ?
output: bottle
Positive example 2-
input: jam : jar. cereal : ?
output: box
Now complete the following example-
input: chips : bag. game : ?
output: ",box
"Definition: Two analogies that relate items to the associated containers is given in the form ""A : B. C : ?"". ""A : B"" relates item A to its associated container B. Your task is to replace the question mark (?) with the appropriate container for the given item C, following the ""A : B"" relation.
Positive example 1-
input: soda : can. water : ?
output: bottle
Positive example 2-
input: jam : jar. cereal : ?
output: box
Now complete the following example-
input: chips : bag. vitamins : ?
output: ",bottle
"Definition: Two analogies that relate items to the associated containers is given in the form ""A : B. C : ?"". ""A : B"" relates item A to its associated container B. Your task is to replace the question mark (?) with the appropriate container for the given item C, following the ""A : B"" relation.
Positive example 1-
input: soda : can. water : ?
output: bottle
Positive example 2-
input: jam : jar. cereal : ?
output: box
Now complete the following example-
input: chips : bag. detergent : ?
output: ",bottle
"Definition: Two analogies that relate items to the associated containers is given in the form ""A : B. C : ?"". ""A : B"" relates item A to its associated container B. Your task is to replace the question mark (?) with the appropriate container for the given item C, following the ""A : B"" relation.
Positive example 1-
input: soda : can. water : ?
output: bottle
Positive example 2-
input: jam : jar. cereal : ?
output: box
Now complete the following example-
input: chips : bag. diapers : ?
output: ",box
"Definition: Two analogies that relate items to the associated containers is given in the form ""A : B. C : ?"". ""A : B"" relates item A to its associated container B. Your task is to replace the question mark (?) with the appropriate container for the given item C, following the ""A : B"" relation.
Positive example 1-
input: soda : can. water : ?
output: bottle
Positive example 2-
input: jam : jar. cereal : ?
output: box
Now complete the following example-
input: chips : bag. trash : ?
output: ",can
"Definition: Two analogies that relate items to the associated containers is given in the form ""A : B. C : ?"". ""A : B"" relates item A to its associated container B. Your task is to replace the question mark (?) with the appropriate container for the given item C, following the ""A : B"" relation.
Positive example 1-
input: soda : can. water : ?
output: bottle
Positive example 2-
input: jam : jar. cereal : ?
output: box
Now complete the following example-
input: chips : bag. kleenex : ?
output: ",box
"Definition: Two analogies that relate items to the associated containers is given in the form ""A : B. C : ?"". ""A : B"" relates item A to its associated container B. Your task is to replace the question mark (?) with the appropriate container for the given item C, following the ""A : B"" relation.
Positive example 1-
input: soda : can. water : ?
output: bottle
Positive example 2-
input: jam : jar. cereal : ?
output: box
Now complete the following example-
input: chips : bag. poster : ?
output: ",tube
"Definition: Two analogies that relate items to the associated containers is given in the form ""A : B. C : ?"". ""A : B"" relates item A to its associated container B. Your task is to replace the question mark (?) with the appropriate container for the given item C, following the ""A : B"" relation.
Positive example 1-
input: soda : can. water : ?
output: bottle
Positive example 2-
input: jam : jar. cereal : ?
output: box
Now complete the following example-
input: chips : bag. picture : ?
output: ",frame
"Definition: Two analogies that relate items to the associated containers is given in the form ""A : B. C : ?"". ""A : B"" relates item A to its associated container B. Your task is to replace the question mark (?) with the appropriate container for the given item C, following the ""A : B"" relation.
Positive example 1-
input: soda : can. water : ?
output: bottle
Positive example 2-
input: jam : jar. cereal : ?
output: box
Now complete the following example-
input: chips : bag. silverware : ?
output: ",drawer
"Definition: Two analogies that relate items to the associated containers is given in the form ""A : B. C : ?"". ""A : B"" relates item A to its associated container B. Your task is to replace the question mark (?) with the appropriate container for the given item C, following the ""A : B"" relation.
Positive example 1-
input: soda : can. water : ?
output: bottle
Positive example 2-
input: jam : jar. cereal : ?
output: box
Now complete the following example-
input: chips : bag. socks : ?
output: ",drawer
"Definition: Two analogies that relate items to the associated containers is given in the form ""A : B. C : ?"". ""A : B"" relates item A to its associated container B. Your task is to replace the question mark (?) with the appropriate container for the given item C, following the ""A : B"" relation.
Positive example 1-
input: soda : can. water : ?
output: bottle
Positive example 2-
input: jam : jar. cereal : ?
output: box
Now complete the following example-
input: chips : bag. coat : ?
output: ",closet
"Definition: Two analogies that relate items to the associated containers is given in the form ""A : B. C : ?"". ""A : B"" relates item A to its associated container B. Your task is to replace the question mark (?) with the appropriate container for the given item C, following the ""A : B"" relation.
Positive example 1-
input: soda : can. water : ?
output: bottle
Positive example 2-
input: jam : jar. cereal : ?
output: box
Now complete the following example-
input: chips : bag. clothes : ?
output: ",dresser
"Definition: Two analogies that relate items to the associated containers is given in the form ""A : B. C : ?"". ""A : B"" relates item A to its associated container B. Your task is to replace the question mark (?) with the appropriate container for the given item C, following the ""A : B"" relation.
Positive example 1-
input: soda : can. water : ?
output: bottle
Positive example 2-
input: jam : jar. cereal : ?
output: box
Now complete the following example-
input: chips : bag. plates : ?
output: ",cupboard
"Definition: Two analogies that relate items to the associated containers is given in the form ""A : B. C : ?"". ""A : B"" relates item A to its associated container B. Your task is to replace the question mark (?) with the appropriate container for the given item C, following the ""A : B"" relation.
Positive example 1-
input: soda : can. water : ?
output: bottle
Positive example 2-
input: jam : jar. cereal : ?
output: box
Now complete the following example-
input: carrots : bag. jam : ?
output: ",jar
"Definition: Two analogies that relate items to the associated containers is given in the form ""A : B. C : ?"". ""A : B"" relates item A to its associated container B. Your task is to replace the question mark (?) with the appropriate container for the given item C, following the ""A : B"" relation.
Positive example 1-
input: soda : can. water : ?
output: bottle
Positive example 2-
input: jam : jar. cereal : ?
output: box
Now complete the following example-
input: carrots : bag. potatoes : ?
output: ",sack
"Definition: Two analogies that relate items to the associated containers is given in the form ""A : B. C : ?"". ""A : B"" relates item A to its associated container B. Your task is to replace the question mark (?) with the appropriate container for the given item C, following the ""A : B"" relation.
Positive example 1-
input: soda : can. water : ?
output: bottle
Positive example 2-
input: jam : jar. cereal : ?
output: box
Now complete the following example-
input: carrots : bag. cereal : ?
output: ",box
"Definition: Two analogies that relate items to the associated containers is given in the form ""A : B. C : ?"". ""A : B"" relates item A to its associated container B. Your task is to replace the question mark (?) with the appropriate container for the given item C, following the ""A : B"" relation.
Positive example 1-
input: soda : can. water : ?
output: bottle
Positive example 2-
input: jam : jar. cereal : ?
output: box
Now complete the following example-
input: carrots : bag. chips : ?
output: ",bag
"Definition: Two analogies that relate items to the associated containers is given in the form ""A : B. C : ?"". ""A : B"" relates item A to its associated container B. Your task is to replace the question mark (?) with the appropriate container for the given item C, following the ""A : B"" relation.
Positive example 1-
input: soda : can. water : ?
output: bottle
Positive example 2-
input: jam : jar. cereal : ?
output: box
Now complete the following example-
input: carrots : bag. pickles : ?
output: ",jar
"Definition: Two analogies that relate items to the associated containers is given in the form ""A : B. C : ?"". ""A : B"" relates item A to its associated container B. Your task is to replace the question mark (?) with the appropriate container for the given item C, following the ""A : B"" relation.
Positive example 1-
input: soda : can. water : ?
output: bottle
Positive example 2-
input: jam : jar. cereal : ?
output: box
Now complete the following example-
input: carrots : bag. ketchup : ?
output: ",bottle
"Definition: Two analogies that relate items to the associated containers is given in the form ""A : B. C : ?"". ""A : B"" relates item A to its associated container B. Your task is to replace the question mark (?) with the appropriate container for the given item C, following the ""A : B"" relation.
Positive example 1-
input: soda : can. water : ?
output: bottle
Positive example 2-
input: jam : jar. cereal : ?
output: box
Now complete the following example-
input: carrots : bag. milk : ?
output: ",bottle
"Definition: Two analogies that relate items to the associated containers is given in the form ""A : B. C : ?"". ""A : B"" relates item A to its associated container B. Your task is to replace the question mark (?) with the appropriate container for the given item C, following the ""A : B"" relation.
Positive example 1-
input: soda : can. water : ?
output: bottle
Positive example 2-
input: jam : jar. cereal : ?
output: box
Now complete the following example-
input: carrots : bag. soda : ?
output: ",bottle
"Definition: Two analogies that relate items to the associated containers is given in the form ""A : B. C : ?"". ""A : B"" relates item A to its associated container B. Your task is to replace the question mark (?) with the appropriate container for the given item C, following the ""A : B"" relation.
Positive example 1-
input: soda : can. water : ?
output: bottle
Positive example 2-
input: jam : jar. cereal : ?
output: box
Now complete the following example-
input: carrots : bag. game : ?
output: ",box
"Definition: Two analogies that relate items to the associated containers is given in the form ""A : B. C : ?"". ""A : B"" relates item A to its associated container B. Your task is to replace the question mark (?) with the appropriate container for the given item C, following the ""A : B"" relation.
Positive example 1-
input: soda : can. water : ?
output: bottle
Positive example 2-
input: jam : jar. cereal : ?
output: box
Now complete the following example-
input: carrots : bag. detergent : ?
output: ",bottle
"Definition: Two analogies that relate items to the associated containers is given in the form ""A : B. C : ?"". ""A : B"" relates item A to its associated container B. Your task is to replace the question mark (?) with the appropriate container for the given item C, following the ""A : B"" relation.
Positive example 1-
input: soda : can. water : ?
output: bottle
Positive example 2-
input: jam : jar. cereal : ?
output: box
Now complete the following example-
input: carrots : bag. diapers : ?
output: ",box
"Definition: Two analogies that relate items to the associated containers is given in the form ""A : B. C : ?"". ""A : B"" relates item A to its associated container B. Your task is to replace the question mark (?) with the appropriate container for the given item C, following the ""A : B"" relation.
Positive example 1-
input: soda : can. water : ?
output: bottle
Positive example 2-
input: jam : jar. cereal : ?
output: box
Now complete the following example-
input: carrots : bag. water : ?
output: ",bottle
"Definition: Two analogies that relate items to the associated containers is given in the form ""A : B. C : ?"". ""A : B"" relates item A to its associated container B. Your task is to replace the question mark (?) with the appropriate container for the given item C, following the ""A : B"" relation.
Positive example 1-
input: soda : can. water : ?
output: bottle
Positive example 2-
input: jam : jar. cereal : ?
output: box
Now complete the following example-
input: carrots : bag. money : ?
output: ",wallet
"Definition: Two analogies that relate items to the associated containers is given in the form ""A : B. C : ?"". ""A : B"" relates item A to its associated container B. Your task is to replace the question mark (?) with the appropriate container for the given item C, following the ""A : B"" relation.
Positive example 1-
input: soda : can. water : ?
output: bottle
Positive example 2-
input: jam : jar. cereal : ?
output: box
Now complete the following example-
input: carrots : bag. trash : ?
output: ",can
"Definition: Two analogies that relate items to the associated containers is given in the form ""A : B. C : ?"". ""A : B"" relates item A to its associated container B. Your task is to replace the question mark (?) with the appropriate container for the given item C, following the ""A : B"" relation.
Positive example 1-
input: soda : can. water : ?
output: bottle
Positive example 2-
input: jam : jar. cereal : ?
output: box
Now complete the following example-
input: carrots : bag. kleenex : ?
output: ",box
"Definition: Two analogies that relate items to the associated containers is given in the form ""A : B. C : ?"". ""A : B"" relates item A to its associated container B. Your task is to replace the question mark (?) with the appropriate container for the given item C, following the ""A : B"" relation.
Positive example 1-
input: soda : can. water : ?
output: bottle
Positive example 2-
input: jam : jar. cereal : ?
output: box
Now complete the following example-
input: carrots : bag. poster : ?
output: ",tube
"Definition: Two analogies that relate items to the associated containers is given in the form ""A : B. C : ?"". ""A : B"" relates item A to its associated container B. Your task is to replace the question mark (?) with the appropriate container for the given item C, following the ""A : B"" relation.
Positive example 1-
input: soda : can. water : ?
output: bottle
Positive example 2-
input: jam : jar. cereal : ?
output: box
Now complete the following example-
input: carrots : bag. picture : ?
output: ",frame
"Definition: Two analogies that relate items to the associated containers is given in the form ""A : B. C : ?"". ""A : B"" relates item A to its associated container B. Your task is to replace the question mark (?) with the appropriate container for the given item C, following the ""A : B"" relation.
Positive example 1-
input: soda : can. water : ?
output: bottle
Positive example 2-
input: jam : jar. cereal : ?
output: box
Now complete the following example-
input: carrots : bag. silverware : ?
output: ",drawer
"Definition: Two analogies that relate items to the associated containers is given in the form ""A : B. C : ?"". ""A : B"" relates item A to its associated container B. Your task is to replace the question mark (?) with the appropriate container for the given item C, following the ""A : B"" relation.
Positive example 1-
input: soda : can. water : ?
output: bottle
Positive example 2-
input: jam : jar. cereal : ?
output: box
Now complete the following example-
input: carrots : bag. socks : ?
output: ",drawer
"Definition: Two analogies that relate items to the associated containers is given in the form ""A : B. C : ?"". ""A : B"" relates item A to its associated container B. Your task is to replace the question mark (?) with the appropriate container for the given item C, following the ""A : B"" relation.
Positive example 1-
input: soda : can. water : ?
output: bottle
Positive example 2-
input: jam : jar. cereal : ?
output: box
Now complete the following example-
input: carrots : bag. coat : ?
output: ",closet
"Definition: Two analogies that relate items to the associated containers is given in the form ""A : B. C : ?"". ""A : B"" relates item A to its associated container B. Your task is to replace the question mark (?) with the appropriate container for the given item C, following the ""A : B"" relation.
Positive example 1-
input: soda : can. water : ?
output: bottle
Positive example 2-
input: jam : jar. cereal : ?
output: box
Now complete the following example-
input: carrots : bag. clothes : ?
output: ",dresser
"Definition: Two analogies that relate items to the associated containers is given in the form ""A : B. C : ?"". ""A : B"" relates item A to its associated container B. Your task is to replace the question mark (?) with the appropriate container for the given item C, following the ""A : B"" relation.
Positive example 1-
input: soda : can. water : ?
output: bottle
Positive example 2-
input: jam : jar. cereal : ?
output: box
Now complete the following example-
input: carrots : bag. plates : ?
output: ",cupboard
"Definition: Two analogies that relate items to the associated containers is given in the form ""A : B. C : ?"". ""A : B"" relates item A to its associated container B. Your task is to replace the question mark (?) with the appropriate container for the given item C, following the ""A : B"" relation.
Positive example 1-
input: soda : can. water : ?
output: bottle
Positive example 2-
input: jam : jar. cereal : ?
output: box
Now complete the following example-
input: pickles : jar. jam : ?
output: ",jar
"Definition: Two analogies that relate items to the associated containers is given in the form ""A : B. C : ?"". ""A : B"" relates item A to its associated container B. Your task is to replace the question mark (?) with the appropriate container for the given item C, following the ""A : B"" relation.
Positive example 1-
input: soda : can. water : ?
output: bottle
Positive example 2-
input: jam : jar. cereal : ?
output: box
Now complete the following example-
input: pickles : jar. potatoes : ?
output: ",sack
"Definition: Two analogies that relate items to the associated containers is given in the form ""A : B. C : ?"". ""A : B"" relates item A to its associated container B. Your task is to replace the question mark (?) with the appropriate container for the given item C, following the ""A : B"" relation.
Positive example 1-
input: soda : can. water : ?
output: bottle
Positive example 2-
input: jam : jar. cereal : ?
output: box
Now complete the following example-
input: pickles : jar. cereal : ?
output: ",box
"Definition: Two analogies that relate items to the associated containers is given in the form ""A : B. C : ?"". ""A : B"" relates item A to its associated container B. Your task is to replace the question mark (?) with the appropriate container for the given item C, following the ""A : B"" relation.
Positive example 1-
input: soda : can. water : ?
output: bottle
Positive example 2-
input: jam : jar. cereal : ?
output: box
Now complete the following example-
input: pickles : jar. chips : ?
output: ",bag
